2 8 4 6 5 8 7 7 8
2 8 4 6 5 8 7 7 8
2 8 4 6 5 8 7 7 8
2 8 4 6 5 8 7 7 8
2 8 4 6 5 8 7 7 8
2 8 4 6 5 8 7 7 8
2 8 4 6 5 8 7 7 8
2 8 4 6 5 8 7 7 8
2 8 4 6 5 8 7 7 8
2 8 4 6 5 8 7 7 8
2 8 4 6 5 8 7 7 8
2 8 4 6 5 8 7 7 8
2 8 4 6 5 8 7 7 8
2 8 4 6 5 8 7 7 8
2 8 4 6 5 8 7 7 8
2 8 4 6 5 8 7 7 8
2 8 4 6 5 8 7 7 8
2 8 4 6 5 8 7 7 8
2 8 4 6 5 8 7 7 8
2 8 4 6 5 8 7 7 8
2 8 4 6 5 8 7 7 8
2 8 4 6 5 8 7 7 8
2 8 4 6 5 8 7 7 8
2 8 4 6 5 8 7 7 8
2 8 4 6 5 8 7 7 8
2 8 4 6 5 8 7 7 8
2 8 4 6 5 8 7 7 8
2 8 4 6 5 8 7 7 8
2 8 4 6 5 8 7 7 8
2 8 4 6 5 8 7 7 8
2 8 4 6 5 8 7 7 8
2 8 4 6 5 8 7 7 8
2 8 4 6 5 8 7 7 8
2 8 4 6 5 8 7 7 8
1 2 4
3 1.3 892 354 654 5 6.55 7 8 9 0.33 88 99 55 66 22 11 5 9
3 1.3 892 354 654 5 6.55 7 8 9 0.33 88 99 55 66 22 11 5 9
3 1.3 892 354 654 5 6.55 7 8 9 0.33 88 99 55 66 22 11 5 9
3 1.3 892 354 654 5 6.55 7 8 9 0.33 88 99 55 66 22 11 5 9
3 1.3 892 354 654 5 6.55 7 8 9 0.33 88 99 55 66 22 11 5 9
3 1.3 892 354 654 5 6.55 7 8 9 0.33 88 99 55 66 22 11 5 9
3 1.3 892 354 654 5 6.55 7 8 9 0.33 88 99 55 66 22 11 5 9